725030 14732 NEW YORK/LA GUARDIA            2000  985  905  957  979 1013  925  981 1056  945  939  906 1009
725030 14732 NEW YORK/LA GUARDIA            2001  976  885 1044  930  985  938  915  934  905  905  870  923
725030 14732 NEW YORK/LA GUARDIA            2002  937  844  997  939  968  926  872  866  841  868  850  876
725030 14732 NEW YORK/LA GUARDIA            2003  876  829  882  850  880  860  888  879  860  882  856  899
725030 14732 NEW YORK/LA GUARDIA            2004  890  830  889  909  993  970  989 1003  965  992 1033 1114
725030 14732 NEW YORK/LA GUARDIA            2005 1149 1009 1147 1117 1099 1079 1132 1095 1036 1187 1048 1119
725030 14732 NEW YORK/LA GUARDIA            2006 1133  978 1060 1051 1133 1115 1098 1097 1062 1100 1082 1108
725030 14732 NEW YORK/LA GUARDIA            2007 1118  985 1092 1088 1055 1045 1113 1105 1049 1138 1049 1203
725030 14732 NEW YORK/LA GUARDIA            2008 1083 1099 1143 1134 1124 1085 1111 1088 1077 1074 1143 1211
725030 14732 NEW YORK/LA GUARDIA            2009 1193  980 1156 1164 1299 1241 1183 1145 1084 1164 1104 1151
725030 14732 NEW YORK/LA GUARDIA            2010 1135 1140 1198 1096 1165 1064 1109 1102 1114 1163 1101 1106
725030 14732 NEW YORK/LA GUARDIA            2011 1186 1070 1184 1226 1223 1139 1101 1150 1212 1180 1122 1157
725030 14732 NEW YORK/LA GUARDIA            2012 1158 1049 1162 1090 1269 1133 1121 1106 1114 1198 1060  567


Total Surface Hourly Observations Available: 162592
Total Station-Years: 13
